100 40 40

13 2

1
0.08 0.4 0.05 70 0.05
0 0 150
0 0 0

1
0.1 0.4 0.1 20 0.05
200 0  0
2 0 0

1
0.1 0.4 0.1 20 0.05
200 0  0
-2 0 0

1
0.1 0.4 0.1 20 0.05
200 0  0
0 2 0

1
0.1 0.4 0.1 20 0.05
200 0  0
0 -2 0

1
0.08 0.4 0.05 70 0.05
0 0 150
2 2 0

1
0.08 0.4 0.05 70 0.05
0 0 150
-2 2 0

1
0.08 0.4 0.05 70 0.05
0 0 150
2 -2 0

1
0.08 0.4 0.05 70 0.05
0 0 150
-2 -2 0



1
0.1 0.2 0.5 100 0.02
0 120 120
1 1 0.87

1
0.1 0.2 0.5 100 0.02
0 120 120
1 -1 0.87

1
0.1 0.2 0.5 100 0.02
0 120 120
-1 1 0.87

1
0.1 0.2 0.5 100 0.02
0 120 120
-1 -1 0.87


120 50 50
120 50 50
120 50 50
-4 6 12

120 120 120
120 120 120
120 120 120
2 -3 10
